Number of particles left after collisions []
1000
[]
1000
[]
1000
[]
1000
[]
1000
[]
1000
[]
1000
[]
1000
[]
1000
[]
1000
['-5,-1,-50', '44,1,3', '-23,-16,7', '-12,-44,7']
974
['23,-38,43', '-13,-10,-33', '-5,-9,-24', '-7,49,-2', '-31,2,-7']
947
['-5,-28,26']
942
[]
942
['18,42,14', '46,36,20', '-5,-24,27']
927
['25,20,-1', '-85,19,26', '-41,20,-22']
915
['0,-1,29', '4,-17,17']
904
['12,-10,-17', '-6,37,16', '25,-16,37']
882
['58,29,-32', '-15,-22,38', '30,16,-53', '-33,2,-39', '39,0,47', '13,-16,-59']
848
['16,-2,1', '4,67,-24', '24,-1,-11', '10,2,-6', '-30,-4,-4']
821
['14,-1,-35', '-1,32,38', '57,63,18']
805
['-7,-2,18', '26,-2,9', '21,-21,10', '-3,-12,18']
776
['-2,21,-4', '50,32,11', '21,11,-10']
761
['45,-17,-41', '84,-37,45']
744
['18,18,40', '-80,20,11', '-58,16,-1', '31,24,-17']
715
['-16,-22,-28', '2,-27,-36', '-33,73,30', '-28,-70,1']
696
['-20,-15,-17', '33,-6,-22', '-4,-9,17']
674
['22,-21,19', '1,-21,33', '14,26,10']
657
['15,3,73', '-23,-9,36', '-16,-58,-28', '-24,-29,-35']
624
['22,-27,-1', '3,52,18', '6,-4,-8', '24,13,-25']
604
['3,-2,21', '40,1,-37']
597
['58,62,36', '39,48,-67', '-17,-39,16', '56,-12,45']
569
['-11,-16,-18', '5,1,-15']
553
['16,6,21']
545
['2,-4,9', '1,10,27']
530
['33,-4,31', '-14,-11,-2', '-35,-22,-3', '12,-2,5', '-4,32,-45', '-39,-59,-12', '-8,-11,-2', '66,25,-1', '16,32,27']
470
['22,7,-3', '-8,0,17', '21,-34,23', '-6,-2,-11']
445
['41,35,25', '33,17,-8']
438
['-34,8,14']
434
['29,-38,-2', '-28,22,-7', '-12,-21,2', '-28,10,41']
404
[]
404
[]
404
[]
404
[]
404
[]
404
[]
404
[]
404
[]
404
[]
404
[]
404
[]
404
[]
404
[]
404
[]
404
[]
404
[]
404
[]
404
[]
404
[]
404
[]
404
[]
404
[]
404
[]
404
[]
404
[]
404
[]
404
[]
404
[]
404
[]
404
[]
404
[]
404
[]
404
[]
404
[]
404
[]
404
[]
404
[]
404
[]
404
[]
404
[]
404
[]
404
[]
404
[]
404
[]
404
[]
404
[]
404
[]
404
[]
404
[]
404
[]
404
[]
404
[]
404
[]
404
[]
404
[]
404
[]
404
[]
404
[]
404
[]
404
[]
404
[]
404
[]
404
[]
404
[]
404
[]
404
[]
404
[]
404
[]
404
[]
404
[]
404
[]
404
[]
404
[]
404
[]
404
[]
404
[]
404
[]
404
[]
404
[]
404
[]
404
[]
404
[]
404
[]
404
[]
404
[]
404
[]
404
[]
404
[]
404
[]
404
[]
404
[]
404
[]
404
[]
404
[]
404
[]
404
[]
404
[]
404
[]
404
[]
404
[]
404
[]
404
[]
404
[]
404
[]
404
[]
404
[]
404
[]
404
[]
404
[]
404
[]
404
[]
404
[]
404
[]
404
[]
404
[]
404
[]
404
[]
404
[]
404
[]
404
[]
404
[]
404
[]
404
[]
404
[]
404
[]
404
[]
404
[]
404
[]
404
[]
404
[]
404
[]
404
[]
404
[]
404
[]
404
[]
404
[]
404
[]
404
[]
404
[]
404
[]
404
[]
404
[]
404
[]
404
[]
404
[]
404
[]
404
[]
404
[]
404
[]
404
[]
404
[]
404
[]
404
[]
404
[]
404
[]
404
[]
404
[]
404
[]
404
[]
404
[]
404
[]
404
[]
404
[]
404
[]
404
[]
404
[]
404
[]
404
[]
404
[]
404
[]
404
[]
404
[]
404
[]
404
[]
404
[]
404
[]
404
[]
404
[]
404
[]
404
[]
404
[]
404
[]
404
[]
404
[]
404
[]
404
[]
404
[]
404
[]
404
[]
404
[]
404
[]
404
[]
404
[]
404
[]
404
[]
404
[]
404
[]
404
[]
404
[]
404
[]
404
[]
404
[]
404
[]
404
[]
404
[]
404
[]
404
[]
404
[]
404
[]
404
[]
404
[]
404
[]
404
[]
404
[]
404
[]
404
[]
404
[]
404
[]
404
[]
404
[]
404
[]
404
[]
404
[]
404
[]
404
[]
404
[]
404
[]
404
[]
404
[]
404
[]
404
[]
404
[]
404
[]
404
[]
404
[]
404
[]
404
[]
404
[]
404
[]
404
[]
404
[]
404
[]
404
[]
404
[]
404
[]
404
[]
404
[]
404
[]
404
[]
404
[]
404
[]
404
[]
404
[]
404
[]
404
[]
404
[]
404
[]
404
[]
404
[]
404
[]
404
[]
404
[]
404
[]
404
[]
404
[]
404
[]
404
[]
404
[]
404
[]
404
[]
404
[]
404
[]
404
[]
404
[]
404
[]
404
[]
404
[]
404
[]
404
[]
404
[]
404
[]
404
[]
404
[]
404
[]
404
[]
404
[]
404
[]
404
[]
404
[]
404
[]
404
[]
404
[]
404
[]
404
[]
404
[]
404
[]
404
[]
404
[]
404
[]
404
[]
404
[]
404
[]
404
[]
404
[]
404
[]
404
[]
404
[]
404
[]
404
[]
404
[]
404
[]
404
[]
404
[]
404
[]
404
[]
404
[]
404
[]
404
[]
404
[]
404
[]
404
[]
404
[]
404
[]
404
[]
404
[]
404
[]
404
[]
404
[]
404
[]
404
[]
404
[]
404
[]
404
[]
404
[]
404
[]
404
[]
404
[]
404
[]
404
[]
404
[]
404
[]
404
[]
404
[]
404
[]
404
[]
404
[]
404
[]
404
[]
404
[]
404
[]
404
[]
404
[]
404
[]
404
[]
404
[]
404
[]
404
[]
404
[]
404
[]
404
[]
404
[]
404
[]
404
[]
404
[]
404
[]
404
[]
404
[]
404
[]
404
[]
404
[]
404
[]
404
[]
404
[]
404
[]
404
[]
404
[]
404
[]
404
[]
404
[]
404
[]
404
[]
404
[]
404
[]
404
[]
404
[]
404
[]
404
[]
404
[]
404
[]
404
[]
404
[]
404
[]
404
[]
404
[]
404
[]
404
[]
404
[]
404
[]
404
[]
404
[]
404
[]
404
[]
404
[]
404
[]
404
[]
404
[]
404
[]
404
[]
404
[]
404
[]
404
[]
404
[]
404
[]
404
[]
404
[]
404
[]
404
[]
404
[]
404
[]
404
[]
404
[]
404
[]
404
[]
404
[]
404
[]
404
[]
404
[]
404
[]
404
[]
404
[]
404
[]
404
[]
404
[]
404
[]
404
[]
404
[]
404
[]
404
[]
404
[]
404
[]
404
[]
404
[]
404
[]
404
[]
404
[]
404
[]
404
[]
404
[]
404
[]
404
[]
404
[]
404
[]
404
[]
404
[]
404
[]
404
[]
404
[]
404
[]
404
[]
404
[]
404
[]
404
[]
404
[]
404
[]
404
[]
404
[]
404
[]
404
[]
404
[]
404
[]
404
[]
404
[]
404
[]
404
[]
404
[]
404
[]
404
[]
404
[]
404
[]
404
[]
404
[]
404
[]
404
[]
404
[]
404
[]
404
[]
404
[]
404
[]
404
[]
404
[]
404
[]
404
[]
404
[]
404
[]
404
[]
404
[]
404
[]
404
[]
404
[]
404
[]
404
[]
404
[]
404
[]
404
[]
404
[]
404
[]
404
[]
404
[]
404
[]
404
[]
404
[]
404
[]
404
[]
404
[]
404
[]
404
[]
404
[]
404
[]
404
[]
404
[]
404
[]
404
[]
404
[]
404
[]
404
[]
404
[]
404
[]
404
[]
404
[]
404
[]
404
[]
404
[]
404
[]
404
[]
404
[]
404
[]
404
[]
404
[]
404
[]
404
[]
404
[]
404
[]
404
[]
404
[]
404
[]
404
[]
404
[]
404
[]
404
[]
404
[]
404
[]
404
[]
404
[]
404
[]
404
[]
404
[]
404
[]
404
[]
404
[]
404
[]
404
[]
404
[]
404
[]
404
[]
404
[]
404
[]
404
[]
404
[]
404
[]
404
[]
404
[]
404
[]
404
[]
404
[]
404
[]
404
[]
404
[]
404
[]
404
[]
404
[]
404
[]
404
[]
404
[]
404
[]
404
[]
404
[]
404
[]
404
[]
404
[]
404
[]
404
[]
404
[]
404
[]
404
[]
404
[]
404
[]
404
[]
404
[]
404
[]
404
[]
404
[]
404
[]
404
[]
404
[]
404
[]
404
[]
404
[]
404
[]
404
[]
404
[]
404
[]
404
[]
404
[]
404
[]
404
[]
404
[]
404
[]
404
[]
404
[]
404
[]
404
[]
404
[]
404
[]
404
[]
404
[]
404
[]
404
[]
404
[]
404
[]
404
[]
404
[]
404
[]
404
[]
404
[]
404
[]
404
[]
404
[]
404
[]
404
[]
404
[]
404
[]
404
[]
404
[]
404
[]
404
[]
404
[]
404
[]
404
[]
404
[]
404
[]
404
[]
404
[]
404
[]
404
[]
404
[]
404
[]
404
[]
404
[]
404
[]
404
[]
404
[]
404
[]
404
[]
404
[]
404
[]
404
[]
404
[]
404
[]
404
[]
404
[]
404
[]
404
[]
404
[]
404
[]
404
[]
404
[]
404
[]
404
[]
404
[]
404
[]
404
[]
404
[]
404
[]
404
[]
404
[]
404
[]
404
[]
404
[]
404
[]
404
[]
404
[]
404
[]
404
[]
404
[]
404
[]
404
[]
404
[]
404
[]
404
[]
404
[]
404
[]
404
[]
404
[]
404
[]
404
[]
404
[]
404
[]
404
[]
404
[]
404
[]
404
[]
404
[]
404
[]
404
[]
404
[]
404
[]
404
[]
404
[]
404
[]
404
[]
404
[]
404
[]
404
[]
404
[]
404
[]
404
[]
404
[]
404
[]
404
[]
404
[]
404
[]
404
[]
404
[]
404
[]
404
[]
404
[]
404
[]
404
[]
404
[]
404
[]
404
[]
404
[]
404
[]
404
[]
404
[]
404
[]
404
[]
404
[]
404
[]
404
[]
404
[]
404
[]
404
[]
404
[]
404
[]
404
[]
404
[]
404
[]
404
[]
404
[]
404
[]
404
[]
404
[]
404
[]
404
[]
404
[]
404
[]
404
[]
404
[]
404
[]
404
[]
404
[]
404
[]
404
[]
404
[]
404
[]
404
[]
404
[]
404
[]
404
[]
404
[]
404
[]
404
[]
404
[]
404
[]
404
[]
404
[]
404
[]
404
[]
404
[]
404
[]
404
[]
404
[]
404
[]
404
[]
404
[]
404
[]
404
[]
404
[]
404
[]
404
[]
404
[]
404
[]
404
[]
404
[]
404
[]
404
[]
404
[]
404
[]
404
[]
404
[]
404
[]
404
[]
404
[]
404
[]
404
[]
404
[]
404
[]
404
[]
404
[]
404
[]
404
[]
404
[]
404
[]
404
[]
404
[]
404
[]
404
[]
404
[]
404
[]
404
[]
404
[]
404
[]
404
[]
404
[]
404
[]
404
[]
404
[]
404
[]
404
[]
404
[]
404
[]
404
[]
404
[]
404
[]
404
[]
404
[]
404
[]
404
[]
404
[]
404
[]
404
[]
404
[]
404
[]
404
[]
404
[]
404
[]
404
[]
404
[]
404
[]
404
[]
404
[]
404
[]
404
[]
404
[]
404
[]
404
[]
404
[]
404
[]
404
[]
404
[]
404
[]
404
[]
404
[]
404
[]
404
[]
404
[]
404
[]
404
[]
404
[]
404
[]
404
[]
404
[]
404
[]
404
[]
404
[]
404
[]
404
[]
404
[]
404
[]
404
[]
404
[]
404
[]
404
[]
404
[]
404
[]
404
[]
404
[]
404
[]
404
[]
404
[]
404
[]
404
[]
404
[]
404
[]
404
[]
404
[]
404
[]
404
[]
404
[]
404
[]
404
[]
404
[]
404
[]
404
[]
404
[]
404
[]
404
[]
404
[]
404
[]
404
[]
404
[]
404
[]
404
[]
404
[]
404
[]
404
[]
404
[]
404
[]
404
[]
404
[]
404
[]
404
[]
404
[]
404
[]
404
[]
404
[]
404
[]
404
[]
404
[]
404
[]
404
[]
404
[]
404
[]
404
[]
404
[]
404
[]
404
[]
404
[]
404
[]
404
[]
404
[]
404
[]
404
[]
404
[]
404
[]
404
[]
404
[]
404
[]
404
[]
404
[]
404
[]
404
[]
404
[]
404
[]
404
[]
404
[]
404
[]
404
[]
404
[]
404
[]
404
[]
404
[]
404
[]
404
[]
404
[]
404
[]
404
[]
404
[]
404
[]
404
[]
404
[]
404
[]
404
[]
404
[]
404
[]
404
[]
404
[]
404
[]
404
[]
404
[]
404
[]
404
[]
404
[]
404
[]
404
[]
404
[]
404
[]
404
[]
404
[]
404
[]
404
404
